4294967279,181
4294967278,179
4294967278,176
4294967278,171
4294967278,165
4294967278,160
4294967278,157
4294967278,155
4294967278,153
4294967278,151
4294967278,149
4294967278,142
4294967278,140
4294967278,139
4294967278,135
4294967278,270
4294967278,269
4294967278,268
4294967278,280
4294967278,263
4294967279,453
4294967278,258
4294967278,386
4294967279,253
4294967278,399
4294967279,246
4294967278,244
4294967278,242
4294967279,242
4294967278,240
4294967279,240
4294967278,238
4294967278,237
4294967279,237
4294967278,235
4294967278,232
4294967278,230
4294967279,463
4294967278,224
4294967278,222
4294967278,221
4294967279,218
4294967278,216
4294967278,214
4294967278,213
4294967278,210
4294967278,209
4294967278,208
4294967278,207
4294967278,391
4294967278,204
4294967279,205
4294967278,203
4294967279,204
4294967278,202
4294967279,203
4294967279,110
4294967279,101
4294967279,202
4294967278,200
4294967278,366
4294967278,198
4294967278,197
4294967278,196
4294967278,361
4294967278,193
4294967278,192
4294967278,191
4294967294,110
4294967294,492
4294967294,36
4294967294,39
4294967294,162
4294967278,190
4294967279,100
4294967279,191
4294967278,189
4294967279,405
4294967278,187
4294967279,188
4294967278,186
4294967279,187
4294967278,185
4294967279,186
4294967278,184
4294967279,184
4294967279,95
4294967279,183
4294967278,181
4294967279,182
4294967278,180
4294967279,462
4294967278,345
4294967279,180
4294967279,179
4294967278,177
4294967279,461
4294967278,175
4294967279,90
4294967278,172
4294967278,170
4294967278,169
4294967279,460
4294967278,336
4294967278,166
4294967278,164
4294967278,163
4294967279,317
4294967278,159
4294967278,158
4294967279,283
4294967278,156
4294967278,154
4294967279,89
4294967279,456
4294967278,150
4294967278,148
4294967278,147
4294967278,146
4294967278,141
4294967278,398
4294967279,299
4294967278,138
38,5
4294967278,276
38,4
38,3
38,2
38,1
4294967278,136
4294967279,276
4294967278,134
4294967278,133
4294967278,271
4294967279,76
4294967279,75
4294967279,66
4294967279,293
4294967278,282
4294967278,266
37,5
37,4
4294967278,265
37,3
37,2
37,1
4294967278,264
4294967279,454
4294967278,278
36,5
4294967278,261
36,4
36,3
36,2
36,1
4294967278,259
4294967279,261
4294967278,257
4294967278,385
35,5
4294967278,384
35,4
35,3
35,2
35,1
4294967278,249
4294967279,439
4294967279,449
4294967278,256
32,5
4294967278,0
4294967278,37
4294967278,36
4294967278,35
4294967278,34
4294967278,33
4294967278,32
4294967278,31
4294967278,30
4294967278,29
4294967278,28
4294967278,27
4294967278,26
4294967278,25
4294967278,24
4294967278,23
4294967278,22
4294967278,21
4294967278,20
4294967278,19
4294967278,18
4294967278,17
4294967278,16
4294967278,15
4294967278,14
4294967278,13
4294967278,12
4294967278,11
4294967278,10
4294967278,9
4294967278,8
4294967278,7
4294967278,6
4294967278,5
4294967278,4
4294967279,132
4294967279,131
4294967279,130
4294967279,129
4294967279,128
4294967279,127
4294967279,126
4294967279,125
4294967279,124
4294967279,123
4294967279,122
4294967279,121
4294967279,120
4294967279,119
4294967279,118
4294967279,117
4294967279,116
4294967279,115
4294967279,114
4294967279,113
4294967279,112
4294967279,22
4294967279,21
4294967279,20
4294967279,17
4294967279,16
4294967279,15
4294967279,13
4294967279,12
4294967279,434
34,5
34,4
4294967279,254
34,3
34,2
34,1
4294967279,250
4294967278,291
4294967279,249
4294967279,248
4294967279,244
4294967278,243
4294967279,459
4294967279,410
4294967278,397
4294967279,238
4243767290,0
4294967279,234
33,5
4294967279,232
33,4
33,3
33,2
33,1
4294967279,230
4294967294,414
32,9
32,8
32,7
32,6
4294967279,228
4294967279,226
4294967279,224
32,4
4294967279,222
32,3
32,2
32,1
4294967279,220
4294967278,219
4294967279,445
31,5
31,4
4294967278,212
31,3
31,2
31,1
4294967278,396
4294967279,429
4294967294,89
30,5
30,4
4294967279,208
30,3
30,2
30,1
0,7
4294967294,984
4294967294,463
4294967279,207
4243767290,3
4243767290,2
4294967294,13
4294967294,439
4294967294,69
4294967278,390
4294967278,389
4294967278,388
4294967294,971
4294967294,53
4294967294,425
4294967294,45
4294967294,430
4294967294,44
4294967294,96
4294967294,94
4294967294,9
4294967294,8
4294967294,31
4294967294,93
4294967294,95
4294967279,201
4294967279,200
4294967279,199
4294967279,198
4294967294,426
4294967294,50
6,5
4294967294,22
4294967279,197
4294967279,196
24,0
24,10
4294967279,195
24,5
4294967279,194
4294967294,17
4294967294,99
4294967294,76
4294967294,41
4294967294,438
4294967294,418
4294967279,193
4294967294,12
4294967294,61
4294967294,68
4294967294,11
4294967294,81
4294967279,192
4294967278,356
4294967279,0
4294967279,190
4294967278,355
4243767289,0
4294967294,112
4294967294,119
4294967294,988
4294967294,1017
4294967294,989
4294967278,350
4294967294,1086
4294967294,1085
4294967294,462
4294967279,178
4294967278,342
4294967279,177
4294967278,341
4294967279,176
4294967278,340
4294967294,1084
4294967279,175
4294967279,173
4294967278,338
4294967279,172
4294967294,419
4294967278,337
4294967279,171
4294967294,1083
4294967279,170
4294967279,169
4294967278,335
4294967279,168
4294967278,387
4294967294,461
4294967279,167
4294967278,333
4294967279,166
4294967278,332
4294967294,1082
4294967279,165
4294967278,331
4294967279,164
4294967278,330
4294967279,163
4294967278,329
4294967294,1020
4294967279,162
4294967278,328
4294967294,1081
4294967279,161
4294967278,289
4294967294,459
4294967279,160
4294967294,981
4294967278,327
4294967294,450
4294967279,159
4294967278,326
4294967294,1080
4294967279,158
4294967278,325
4294967294,1019
4294967294,990
4294967279,156
4294967278,324
4294967279,155
4294967278,323
4294967279,154
4294967278,322
4294967279,153
4294967294,458
4294967294,1079
4294967279,152
4294967278,320
4294967279,151
4294967278,319
4294967279,150
4294967278,318
4294967279,149
4294967278,317
4294967294,1078
4294967279,148
4294967294,175
4294967294,448
